Size: 20000

['Training data', '3', '4', '5', '6', '7', '8', '9', '10', '11', '12']

Nearest Neighbors (accuracy): [0.86745, 0.78785, 0.685, 0.6611, 0.652, 0.69405, 0.6763, 0.649, 0.61915, 0.7031, 0.6851]

Decision Tree (accuracy): [0.9059250000000001, 0.8611, 0.88935, 0.8557, 0.82935, 0.8441, 0.8204, 0.7887, 0.7743, 0.8141, 0.7985]

Random Forest (accuracy): [0.9190250000000001, 0.8829, 0.91315, 0.8644, 0.83295, 0.8628, 0.8497, 0.8063, 0.82455, 0.87465, 0.8487]

Neural Net (accuracy): [0.625, 0.5241, 0.55045, 0.57825, 0.5652, 0.5949, 0.5624, 0.62745, 0.6802, 0.5543, 0.5506]

QDA (accuracy): [0.6754749999999999, 0.63105, 0.62875, 0.62965, 0.6332, 0.6032, 0.58615, 0.6643, 0.55525, 0.5312, 0.5407]

Naive Bayes (accuracy): [0.49479999999999996, 0.58175, 0.4892, 0.52475, 0.48775, 0.4914, 0.53505, 0.4402, 0.52535, 0.6242, 0.5702]

SGD (accuracy): [0.5621, 0.5254, 0.54455, 0.5338, 0.5521, 0.5694, 0.5226, 0.61915, 0.66565, 0.54855, 0.5531]

LightGBM (accuracy): [0.9475, 0.91465, 0.93, 0.9275, 0.91215, 0.9355, 0.91735, 0.89955, 0.85145, 0.9224, 0.90495]

Nearest Neighbors (auc): [0.9329842520818724, 0.7891617027749757, 0.6860989562095632, 0.6598725539368573, 0.6585606577553025, 0.6989491396520734, 0.6693699033947997, 0.6777476942463468, 0.6513984841611987, 0.7034633568851052, 0.6863203357292258]

Decision Tree (auc): [0.9254023385287455, 0.8602400281820948, 0.8895462756939433, 0.8539351438156054, 0.8319932986041149, 0.8462331450678892, 0.8174778512952787, 0.80303671404754, 0.7932738114852078, 0.8142214323097627, 0.7989136459062169]

Random Forest (auc): [0.9784877251809986, 0.8819590558998254, 0.9136215665792815, 0.8616325279556938, 0.8372335779574456, 0.8658910309804078, 0.84641215014659, 0.8221599532973423, 0.836630571343839, 0.8747151563084258, 0.8490667772227263]

Neural Net (auc): [0.6176511983905402, 0.5367960481017118, 0.534106182316264, 0.5899690272629268, 0.5462472776130226, 0.5799508917335112, 0.5772096637241866, 0.5493637928124914, 0.5479034962936582, 0.5527069630822415, 0.5471232869807799]

QDA (auc): [0.7436153131979479, 0.6381344974459977, 0.6199658369460112, 0.6367776390962705, 0.6237924880312751, 0.5936125128350058, 0.5955095804162194, 0.6313258953312383, 0.5015235245618328, 0.5305473558937324, 0.5393451937615885]

Naive Bayes (auc): [0.6494249090778093, 0.5701556019919617, 0.5061892249707693, 0.5105734640462588, 0.5082384715617457, 0.5088910602992541, 0.5181373059485093, 0.5229861751471978, 0.6309767961894052, 0.6255048265425521, 0.5734266472772204]

SGD (auc): [0.6814333410830066, 0.5381419032521497, 0.5280139045231753, 0.5468739490792252, 0.5324757704152776, 0.5533928634083015, 0.5387350005607268, 0.5380375801358999, 0.526774271403923, 0.5469304282183497, 0.5496062780459563]

LightGBM (auc): [0.9889406320164831, 0.914012786024243, 0.9301640392304401, 0.9261862073073944, 0.9136974876056956, 0.9364240444018708, 0.9158891923933418, 0.9061789743497353, 0.8674566933246585, 0.9224411148368483, 0.9050998362740389]

Nearest Neighbors (precision): [0.8848185374334451, 0.75415313225058, 0.7131294018711237, 0.6611943587483473, 0.7452616690240452, 0.7847846504763183, 0.7626078301260784, 0.8212938005390835, 0.8062923412561718, 0.7562531265632816, 0.7739130434782608]

Decision Tree (precision): [0.9148907080659712, 0.8779398954703833, 0.9004524886877828, 0.8964875552454059, 0.8876118908166648, 0.8990088105726872, 0.8711340206185567, 0.8988396624472574, 0.9038866551790159, 0.8379332477535302, 0.8365234809703984]

Random Forest (precision): [0.9328229558098295, 0.9047619047619048, 0.9296968488232947, 0.9416371905002526, 0.9275974417762761, 0.9446778711484594, 0.9186017163048965, 0.9219449776071658, 0.9227325633449727, 0.8894981893429902, 0.8868773315777924]

Neural Net (precision): [0.7451492029901898, 0.505302393952121, 0.5354617304492513, 0.5355163727959698, 0.5458298052497883, 0.5618979859894921, 0.5244331939247193, 0.6146687113320289, 0.670321105684298, 0.5297549591598599, 0.5288024521720749]

QDA (precision): [0.6386861827801285, 0.5781218714543149, 0.597445789543701, 0.5779436715303699, 0.6066059853813267, 0.5791601460615545, 0.5450399841385236, 0.6791919762678345, 0.6486189464429628, 0.5242148517757558, 0.533086053412463]

Naive Bayes (precision): [0.8834632860193568, 0.9035139964264444, 0.6605080831408776, 0.7397590361445783, 0.7113163972286374, 0.7424242424242424, 0.7884940778341794, 0.8600973236009732, 0.9781586950511474, 0.9565217391304348, 0.9263521288837745]

SGD (precision): [0.6649922887124398, 0.5059748427672957, 0.5322196938353331, 0.510103158566415, 0.5382852380456298, 0.5465116279069767, 0.5024292353189692, 0.6085688999947941, 0.6600909694894466, 0.5264986053365612, 0.5300537804492249]

LightGBM (precision): [0.9565475701899417, 0.9302050896596156, 0.9384118280622735, 0.9658013544018059, 0.9501609386356556, 0.9624872579001019, 0.9492631342108223, 0.95649332461955, 0.9502029769959405, 0.9327688226892471, 0.9224093398078314]

Nearest Neighbors (recall): [0.8733792604379316, 0.8360082304526749, 0.6551424432641236, 0.6184047815333883, 0.5052742616033755, 0.5643573909687379, 0.4768672199170125, 0.5169664065151001, 0.5421556516368129, 0.6025308888003188, 0.5298670371105378]

Decision Tree (recall): [0.9144982659125904, 0.8295267489711934, 0.8840173829068083, 0.7943116240725474, 0.7702339854238588, 0.787630258587418, 0.7363070539419088, 0.7228537495758398, 0.7289993823347746, 0.7804902351534476, 0.7458821194681484]

Random Forest (recall): [0.9193942103889002, 0.8483539094650205, 0.900338000965717, 0.7681368507831822, 0.7371499808208669, 0.780972597452721, 0.7550829875518672, 0.7334577536477774, 0.7957072266831378, 0.8566161817457154, 0.802044056360389]

Neural Net (recall): [0.6872381651361057, 0.9902263374485597, 0.9944954128440368, 0.9858821104699094, 0.9890678941311852, 0.9906406792744115, 0.9885892116182573, 0.9860875466576179, 0.9960623841877703, 0.9952172180151455, 0.9928557253423298]

QDA (recall): [0.959425315003608, 0.8911522633744856, 0.8674070497344278, 0.8775762572135202, 0.8435941695435366, 0.8570050173678117, 0.8554979253112033, 0.8157448252460129, 0.6835237801111798, 0.711837385412515, 0.713038301250248]

Naive Bayes (recall): [0.09320498825096676, 0.1560699588477366, 0.0276195074843071, 0.03163643858202803, 0.029535864978902954, 0.02836742570436125, 0.0483402489626556, 0.05997624703087886, 0.2731624459542928, 0.2630530091669988, 0.15975391942845804]

SGD (recall): [0.7476071649572491, 0.9932098765432099, 0.9938194109126026, 0.9885614179719703, 0.9909858074415037, 0.9931493631802393, 0.9869294605809129, 0.9916864608076009, 0.9972205064854849, 0.9968114786767637, 0.9975193490771979]

LightGBM (recall): [0.9479102139495872, 0.8912551440329218, 0.9255432158377596, 0.8818013190436933, 0.8775412351361719, 0.9110382091856426, 0.8753112033195021, 0.8691041737360027, 0.8132334774552192, 0.9110203268234356, 0.8858900575511014]

