Size: 500

['Training data', '3', '4', '5', '6', '7', '8', '9', '10', '11', '12']

CB 4, 1000, 0.03 (accuracy): [0.8800000000000001, 0.872, 0.866, 0.88, 0.83, 0.832, 0.858, 0.832, 0.798, 0.8, 0.822]

CB default (accuracy): [0.8860000000000001, 0.874, 0.868, 0.864, 0.826, 0.83, 0.86, 0.832, 0.798, 0.816, 0.804]

CB 4, 1000, 0.03 (auc): [0.9532400793650794, 0.8718338967301623, 0.864888896009228, 0.8812756147540984, 0.8380240683229814, 0.8369145651055069, 0.8577828981054787, 0.8359685080356563, 0.8072716015410017, 0.7989066833389441, 0.8217583331999808]

CB default (auc): [0.9570492424242424, 0.8733318380621286, 0.8672519585382655, 0.8654585040983607, 0.8348214285714286, 0.8350488934637159, 0.8597670250896057, 0.8370095647081788, 0.8106769400110072, 0.8151140608217509, 0.8038757581091677]

CB 4, 1000, 0.03 (precision): [0.8840605598025787, 0.8672199170124482, 0.8529411764705882, 0.9298245614035088, 0.9170305676855895, 0.9035087719298246, 0.8765957446808511, 0.88671875, 0.8937728937728938, 0.7992565055762082, 0.8129770992366412]

CB default (precision): [0.8923321729977266, 0.8803418803418803, 0.8614232209737828, 0.9196428571428571, 0.92, 0.9030837004405287, 0.8803418803418803, 0.8928571428571429, 0.9026217228464419, 0.8164794007490637, 0.8015564202334631]

CB 4, 1000, 0.03 (recall): [0.9048376623376624, 0.8672199170124482, 0.8957528957528957, 0.828125, 0.7608695652173914, 0.7686567164179104, 0.8306451612903226, 0.8049645390070922, 0.7721518987341772, 0.8237547892720306, 0.841897233201581]

CB default (recall): [0.906590909090909, 0.8547717842323651, 0.888030888030888, 0.8046875, 0.75, 0.7649253731343284, 0.8306451612903226, 0.7978723404255319, 0.7626582278481012, 0.8352490421455939, 0.8142292490118577]

