Size: 20000

['Training data', '3', '4', '5', '6', '7', '8', '9', '10', '11', '12']

AdaBoost (CB) (accuracy): [0.9584000000000001, 0.9378, 0.94375, 0.93715, 0.9279, 0.94385, 0.9231, 0.91865, 0.8876, 0.94085, 0.92975]

LightGBM (accuracy): [0.9475, 0.91465, 0.93, 0.9275, 0.91215, 0.9355, 0.91735, 0.89955, 0.85145, 0.9224, 0.90495]

AdaBoost (LGBM) (accuracy): [0.9627000000000001, 0.94065, 0.9463, 0.9371, 0.931, 0.9389, 0.92805, 0.9213, 0.90035, 0.9423, 0.92315]

Optimized LightGBM (accuracy): [0.9619500000000001, 0.94015, 0.94575, 0.94135, 0.93315, 0.93885, 0.92725, 0.91315, 0.89405, 0.9435, 0.92495]

AdaBoost (CB) (auc): [0.9922945833104592, 0.9373084498246627, 0.9439722660482874, 0.9359113280692011, 0.9294742481066517, 0.944859841495588, 0.9212915939057019, 0.9249123498745742, 0.8996360612729513, 0.9408861338842952, 0.929867023109686]

LightGBM (auc): [0.9889406320164831, 0.914012786024243, 0.9301640392304401, 0.9261862073073944, 0.9136974876056956, 0.9364240444018708, 0.9158891923933418, 0.9061789743497353, 0.8674566933246585, 0.9224411148368483, 0.9050998362740389]

AdaBoost (LGBM) (auc): [0.9933324686443571, 0.9401116475316648, 0.9465521423373807, 0.9357916632236501, 0.9325670736682283, 0.9401966829971038, 0.9262462150947628, 0.9276036905281173, 0.9109676503972759, 0.942345332795513, 0.923332925575192]

Optimized LightGBM (auc): [0.9934564311090075, 0.9395131783318121, 0.9460778696352078, 0.9401298241467243, 0.9347274511340855, 0.9401994666853795, 0.9254163395760906, 0.9207822323295248, 0.9063622410240483, 0.9435626285716663, 0.9251813980362565]

AdaBoost (CB) (precision): [0.9654414909340314, 0.9506592939174819, 0.9528949950932286, 0.9742841100505334, 0.9664659468438538, 0.9729757395843996, 0.9660607455131155, 0.969590535169609, 0.9636174636174636, 0.950259383582545, 0.9439950854919628]

LightGBM (precision): [0.9565475701899417, 0.9302050896596156, 0.9384118280622735, 0.9658013544018059, 0.9501609386356556, 0.9624872579001019, 0.9492631342108223, 0.95649332461955, 0.9502029769959405, 0.9327688226892471, 0.9224093398078314]

AdaBoost (LGBM) (precision): [0.9708589822305036, 0.9553847795922724, 0.956068796068796, 0.9767441860465116, 0.9693919900394272, 0.9757493755203996, 0.9718099183062938, 0.9718218773096822, 0.9680533014435808, 0.9540899795501022, 0.9449828071272273]

Optimized LightGBM (precision): [0.9717251125671771, 0.9582750833422948, 0.9574615080931701, 0.9784632641615255, 0.9717695900363259, 0.977137488255559, 0.9717579250720461, 0.9718336306450098, 0.9683527885862516, 0.9598306484923586, 0.9527076955557902]

AdaBoost (CB) (recall): [0.9589266132563633, 0.9197530864197531, 0.9377112506035732, 0.8940643033800495, 0.892692750287687, 0.9171169432651486, 0.8710580912863071, 0.8898880217170003, 0.8588634959851761, 0.9308489438023116, 0.9148640603294305]

LightGBM (recall): [0.9479102139495872, 0.8912551440329218, 0.9255432158377596, 0.8818013190436933, 0.8775412351361719, 0.9110382091856426, 0.8753112033195021, 0.8691041737360027, 0.8132334774552192, 0.9110203268234356, 0.8858900575511014]

AdaBoost (LGBM) (recall): [0.9612387366551335, 0.9208847736625514, 0.9394495412844037, 0.8915910964550701, 0.8959532029152283, 0.9045735237360093, 0.8761410788381743, 0.8923481506616898, 0.875, 0.9297528895974492, 0.8998809287557055]

Optimized LightGBM (recall): [0.9589268599552241, 0.9167695473251029, 0.9368421052631579, 0.8989076669414674, 0.8978711162255466, 0.9031262060980316, 0.8744813278008299, 0.8780963691890058, 0.8646541074737493, 0.9261658031088082, 0.8955149831315737]

