Size: 40000

['1', '2', '3', '4', '5', '6', '7', '8', '9', '10', '11']

Nearest Neighbors (accuracy): [0.67125, 0.78605, 0.696375, 0.69925, 0.803825, 0.842175, 0.801075, 0.783725, 0.790275, 0.78095, 0.79]

Decision Tree (accuracy): [0.815625, 0.815525, 0.900625, 0.844775, 0.8822, 0.918225, 0.88155, 0.872825, 0.856575, 0.909775, 0.894275]

Random Forest (accuracy): [0.86695, 0.88715, 0.9187, 0.84605, 0.893525, 0.9371, 0.90955, 0.867225, 0.84955, 0.92025, 0.9122]

Neural Net (default) (accuracy): [0.64175, 0.5455, 0.606725, 0.596525, 0.60625, 0.767225, 0.60115, 0.47765, 0.724775, 0.6839, 0.639025]

QDA (accuracy): [0.606575, 0.618975, 0.700175, 0.652825, 0.498525, 0.5075, 0.7239, 0.52595, 0.66495, 0.55525, 0.58345]

Naive Bayes (accuracy): [0.44405, 0.53105, 0.4889, 0.52285, 0.500025, 0.501725, 0.540375, 0.44055, 0.526825, 0.623925, 0.579225]

SGD (accuracy): [0.608925, 0.528925, 0.484025, 0.5773, 0.611675, 0.4214, 0.545125, 0.628375, 0.680175, 0.626175, 0.630175]

LightGBM (accuracy): [0.92365, 0.919775, 0.934675, 0.9313, 0.934125, 0.956975, 0.932725, 0.90845, 0.9106, 0.958675, 0.9531]

Nearest Neighbors (auc): [0.6794946380950638, 0.7871096060590932, 0.6996923138767962, 0.6974303494665945, 0.8024106244489825, 0.8406169801420005, 0.8017529131831589, 0.7851174707815302, 0.7769997100162487, 0.7812840493069435, 0.7899422049558269]

Decision Tree (auc): [0.8231727923879232, 0.8135299977888889, 0.8999672680301017, 0.8418317589479185, 0.8812954946464885, 0.9185699385571702, 0.8820159355771241, 0.8724408000876489, 0.8276616798954722, 0.9098182630693243, 0.8943584878447491]

Random Forest (auc): [0.8754295054324942, 0.8865109446000745, 0.9189789291222383, 0.8419788026443861, 0.8924876916580651, 0.9368445829502838, 0.9091736620794981, 0.8604356464911374, 0.8243816782130566, 0.9203068168146116, 0.9122906956253666]

Neural Net (default) (auc): [0.5794423665807975, 0.5580334017511376, 0.5941967073811671, 0.5840370566331496, 0.5919194492111253, 0.7589154880402513, 0.5847927132816239, 0.5539944823988284, 0.6096513420055087, 0.6828041019326835, 0.6397688418734293]

QDA (auc): [0.5348832317363282, 0.627932774973376, 0.6959747810963794, 0.6566411968438964, 0.5161831813979268, 0.524282294454913, 0.7201988271551943, 0.5930876981223714, 0.5486699467617433, 0.5537251617600872, 0.5844202524608443]

Naive Bayes (auc): [0.5174951785337502, 0.5170997803661572, 0.5050039677227197, 0.507397911063584, 0.5174754516897226, 0.5199419651692873, 0.521237427085593, 0.5243340536602757, 0.633805608438694, 0.6225437232711085, 0.5801896478473301]

SGD (auc): [0.5379231666776757, 0.541752294012853, 0.4999568425733328, 0.5895301865058021, 0.6050144035153477, 0.4378908777496622, 0.5623762531395631, 0.5492057239033826, 0.5445388045329761, 0.6273706036491138, 0.6295658905276305]

LightGBM (auc): [0.9258546707491236, 0.9194400321862205, 0.934554183870124, 0.9301545294663776, 0.9336062748746103, 0.9568437119726555, 0.9322230256197089, 0.901839589979007, 0.8983947676523871, 0.9586435746752688, 0.9531483862619631]

Nearest Neighbors (precision): [0.7622730860299921, 0.7571550416982562, 0.7618989054236871, 0.7100229095074456, 0.7931222707423581, 0.8262675515824642, 0.7782899628252788, 0.8438477101342652, 0.8508348941935998, 0.7372985842438672, 0.7771643424872686]

Decision Tree (precision): [0.8920318725099602, 0.8556481645681858, 0.8912961920840368, 0.9146441404526257, 0.8718496170805291, 0.9313150239140082, 0.8641863278886872, 0.9066397330054453, 0.8645409723971641, 0.8999019607843137, 0.9248495917490331]

Random Forest (precision): [0.9412406406505678, 0.8988541443563932, 0.9305603640140462, 0.9571448352256993, 0.879526398230904, 0.9358521207489492, 0.9104619278633199, 0.8794905832572804, 0.8665957134468585, 0.9073163608041669, 0.9470127061367938]

Neural Net (default) (precision): [0.6204731748773199, 0.5166558511788881, 0.5699733272799501, 0.8853046594982079, 0.569753449192623, 0.6969905417024935, 0.9268357105124142, 0.8923922476135377, 0.7043217450579414, 0.939514668598334, 0.8813928182807399]

QDA (precision): [0.5956069004817904, 0.5650966070481006, 0.6711544535691725, 0.6113166131458071, 0.9203980099502488, 0.7123505976095618, 0.7543739065233691, 0.9017471025774088, 0.6744417973294919, 0.7864233968339147, 0.9845405095906098]

Naive Bayes (precision): [0.8465774980330448, 0.827, 0.6904347826086956, 0.7509025270758123, 0.8565891472868217, 0.9154228855721394, 0.8461538461538461, 0.8857501569365976, 0.9821306779429818, 0.9651295731707317, 0.9481605351170569]

SGD (precision): [0.5972222222222222, 0.5076063417372938, 0.5154639175257731, 0.5348171250354409, 0.5949131513647643, 0.05667412378821775, 0.5134453097441185, 0.6152872289919291, 0.6708860759493671, 0.5759455000916478, 0.5864713627386439]

LightGBM (precision): [0.9541442216287176, 0.9252532675450108, 0.9355274587395039, 0.9612480568509882, 0.9268465239128384, 0.9569995680760186, 0.9386268148699676, 0.9092961214857377, 0.9245247292282057, 0.9662175954276383, 0.9727353140121755]

Nearest Neighbors (recall): [0.6266274492841386, 0.8231506284772305, 0.5996225136717804, 0.6402086345796323, 0.8408970340004823, 0.8812963498025619, 0.8184092567497133, 0.7773965349260813, 0.8212801969533774, 0.8703638644918444, 0.8145358407741807]

Decision Tree (recall): [0.7747739954150266, 0.7456727797238821, 0.9198083530949039, 0.7492770088824623, 0.9059078852182301, 0.9095637099104306, 0.8934639841551131, 0.8745711017918414, 0.9241037082628096, 0.9213550815558343, 0.858831745398314]

Random Forest (recall): [0.8210562740602967, 0.8647743663713167, 0.9105647776218362, 0.7139537285684776, 0.9207137689896311, 0.943513435423288, 0.8999270301261336, 0.8980810776464608, 0.9083320510847823, 0.9354579673776663, 0.873696812490647]

Neural Net (default) (recall): [0.9789783295125222, 0.9843395837626211, 0.9721240865314814, 0.19133443503408387, 0.9818664094526164, 0.9758740248483098, 0.18289377671218596, 0.1306815774981997, 0.9936528696722573, 0.390564617314931, 0.32324038509502667]

QDA (recall): [0.9945931917470479, 0.9326189985575932, 0.8226782171030345, 0.7766473869035323, 0.03568844948155293, 0.0861022825772898, 0.6292609194204107, 0.2208243317660016, 0.9365286967225727, 0.1471016311166876, 0.17154686486756124]

Naive Bayes (recall): [0.04654180544141182, 0.042602513908922314, 0.01921308619271161, 0.021483164635405907, 0.042633228840125395, 0.044303187903303475, 0.05102679036797665, 0.05977040708264498, 0.27696568702877367, 0.25420326223337514, 0.16970120217488902]

SGD (recall): [0.9932090488342922, 0.9780548114568308, 0.01935827324202681, 0.9741272464366867, 0.7862551241861586, 0.0073196571318501396, 0.9862399666423434, 0.9881814715974075, 0.9969610709339899, 0.946198243412798, 0.8887614106848906]

LightGBM (recall): [0.9117176348457978, 0.9080465691324954, 0.9381987126748295, 0.8941334435034084, 0.9477212442729684, 0.9602715978041029, 0.919889502762431, 0.9384928199262931, 0.9391060163102015, 0.9502634880803011, 0.9325584875542475]

