Size: 500

['Training data', '3', '4', '5', '6', '7', '8', '9', '10', '11', '12']

CB 4, 1000, 0.03 (accuracy): [0.881, 0.868, 0.866, 0.876, 0.84, 0.822, 0.852, 0.838, 0.804, 0.804, 0.828]

CB default (accuracy): [0.8860000000000001, 0.874, 0.868, 0.864, 0.826, 0.83, 0.86, 0.832, 0.798, 0.816, 0.804]

CB 4, 1000, 0.03 (auc): [0.9540110028860029, 0.8679728928691585, 0.864888896009228, 0.8768890881147541, 0.8470820393374741, 0.8270072053525477, 0.8517985151049667, 0.8423287136443489, 0.8131535498073749, 0.8025617595665208, 0.8277351938679169]

CB default (auc): [0.9570492424242424, 0.8733318380621286, 0.8672519585382655, 0.8654585040983607, 0.8348214285714286, 0.8350488934637159, 0.8597670250896057, 0.8370095647081788, 0.8106769400110072, 0.8151140608217509, 0.8038757581091677]

CB 4, 1000, 0.03 (precision): [0.8833802433702793, 0.8600823045267489, 0.8529411764705882, 0.9110169491525424, 0.9188034188034188, 0.8942731277533039, 0.8686440677966102, 0.8941176470588236, 0.8978102189781022, 0.7985347985347986, 0.8174904942965779]

CB default (precision): [0.8923321729977266, 0.8803418803418803, 0.8614232209737828, 0.9196428571428571, 0.92, 0.9030837004405287, 0.8803418803418803, 0.8928571428571429, 0.9026217228464419, 0.8164794007490637, 0.8015564202334631]

CB 4, 1000, 0.03 (recall): [0.9084090909090909, 0.8672199170124482, 0.8957528957528957, 0.83984375, 0.7789855072463768, 0.7574626865671642, 0.8266129032258065, 0.8085106382978723, 0.7784810126582279, 0.8352490421455939, 0.849802371541502]

CB default (recall): [0.906590909090909, 0.8547717842323651, 0.888030888030888, 0.8046875, 0.75, 0.7649253731343284, 0.8306451612903226, 0.7978723404255319, 0.7626582278481012, 0.8352490421455939, 0.8142292490118577]

