Size: 20000

['Training data', '3', '4', '5', '6', '7', '8', '9', '10', '11', '12']

XGBoost (accuracy): [0.9519, 0.92325, 0.93435, 0.92655, 0.9137, 0.93055, 0.91615, 0.902, 0.87805, 0.92975, 0.9074]

Boosted CatBoost (accuracy): [0.9584000000000001, 0.9378, 0.94375, 0.93715, 0.9279, 0.94385, 0.9231, 0.91865, 0.8876, 0.94085, 0.92975]

Random Forest (accuracy): [0.9195499999999999, 0.882, 0.91415, 0.85225, 0.84245, 0.8632, 0.844, 0.8067, 0.8305, 0.87885, 0.84505]

AdaBoost (RF) (accuracy): [0.950225, 0.92365, 0.93835, 0.92145, 0.9064, 0.9185, 0.9067, 0.88175, 0.88875, 0.9282, 0.9129]

AdaBoost (LGBM) (accuracy): [0.9627000000000001, 0.94065, 0.9463, 0.9371, 0.931, 0.9389, 0.92805, 0.9213, 0.90035, 0.9423, 0.92315]

Optimized LightGBM (accuracy): [0.9619500000000001, 0.94015, 0.94575, 0.94135, 0.93315, 0.93885, 0.92725, 0.91315, 0.89405, 0.9435, 0.92495]

XGBoost (auc): [0.99003185315115, 0.9225634897759843, 0.9345888405863488, 0.925222042544796, 0.9155054595209688, 0.9318811652687344, 0.9144064707861388, 0.9092178246934683, 0.8892875834566678, 0.9297903100824185, 0.9075488152699209]

Boosted CatBoost (auc): [0.9922945833104592, 0.9373084498246627, 0.9439722660482874, 0.9359113280692011, 0.9294742481066517, 0.944859841495588, 0.9212915939057019, 0.9249123498745742, 0.8996360612729513, 0.9408861338842952, 0.929867023109686]

Random Forest (auc): [0.9784143622502033, 0.8809322508846935, 0.9146868090511067, 0.8491119178979856, 0.8464337111293954, 0.8662733375212821, 0.8405425431359042, 0.8225916338839551, 0.8412891325274007, 0.8789015305638361, 0.845444246827977]

AdaBoost (RF) (auc): [0.9904529237917554, 0.9226331443851981, 0.9389706627777658, 0.9196820686412607, 0.9089510128233304, 0.920425687218537, 0.9043043784745031, 0.8929628626600383, 0.8995861520297768, 0.9282786304910511, 0.9131567964594965]

AdaBoost (LGBM) (auc): [0.9933324686443571, 0.9401116475316648, 0.9465521423373807, 0.9357916632236501, 0.9325670736682283, 0.9401966829971038, 0.9262462150947628, 0.9276036905281173, 0.9109676503972759, 0.942345332795513, 0.923332925575192]

Optimized LightGBM (auc): [0.9934564311090075, 0.9395131783318121, 0.9460778696352078, 0.9401298241467243, 0.9347274511340855, 0.9401994666853795, 0.9254163395760906, 0.9207822323295248, 0.9063622410240483, 0.9435626285716663, 0.9251813980362565]

XGBoost (precision): [0.9590897706780238, 0.9413350587727812, 0.9443679968547277, 0.9652016721274432, 0.9574222035323802, 0.9682771574663467, 0.9559143478758731, 0.9611486486486487, 0.9556210453324088, 0.9400428265524625, 0.9248089237760794]

Boosted CatBoost (precision): [0.9654414909340314, 0.9506592939174819, 0.9528949950932286, 0.9742841100505334, 0.9664659468438538, 0.9729757395843996, 0.9660607455131155, 0.969590535169609, 0.9636174636174636, 0.950259383582545, 0.9439950854919628]

Random Forest (precision): [0.9328515359371682, 0.9078014184397163, 0.9322457966373099, 0.9397888700638602, 0.9313574392412567, 0.9446257868967125, 0.9161347970385499, 0.9224616040955631, 0.923697270471464, 0.8907709680730931, 0.8858785801172178]

AdaBoost (RF) (precision): [0.965138003600515, 0.9533030873077348, 0.957839791206585, 0.9752249620193993, 0.9671325616946932, 0.9722102076124568, 0.9639532107901647, 0.9641414638951827, 0.9613763440860215, 0.9481967896602043, 0.9431214118647672]

AdaBoost (LGBM) (precision): [0.9708589822305036, 0.9553847795922724, 0.956068796068796, 0.9767441860465116, 0.9693919900394272, 0.9757493755203996, 0.9718099183062938, 0.9718218773096822, 0.9680533014435808, 0.9540899795501022, 0.9449828071272273]

Optimized LightGBM (precision): [0.9717251125671771, 0.9582750833422948, 0.9574615080931701, 0.9784632641615255, 0.9717695900363259, 0.977137488255559, 0.9717579250720461, 0.9718336306450098, 0.9683527885862516, 0.9598306484923586, 0.9527076955557902]

XGBoost (recall): [0.9534866566753628, 0.8980452674897119, 0.9278609367455336, 0.880358615004122, 0.8733218258534714, 0.8953106908529526, 0.8659751037344399, 0.8688496776382763, 0.8512198888202595, 0.9185930649661219, 0.8884699345108157]

Boosted CatBoost (recall): [0.9589266132563633, 0.9197530864197531, 0.9377112506035732, 0.8940643033800495, 0.892692750287687, 0.9171169432651486, 0.8710580912863071, 0.8898880217170003, 0.8588634959851761, 0.9308489438023116, 0.9148640603294305]

Random Forest (recall): [0.920391634441628, 0.842798353909465, 0.8995654273297924, 0.7430956306677658, 0.7533563482930572, 0.7818409880355075, 0.7445020746887967, 0.7337122497455039, 0.804740580605312, 0.8645874850538063, 0.7948997817027188]

AdaBoost (RF) (recall): [0.9438756596624749, 0.8863168724279835, 0.921487204249155, 0.859954657873042, 0.8493479094744918, 0.8675221922037823, 0.8377593360995851, 0.8302511028164234, 0.8628783199505868, 0.9064368274212834, 0.8802341734471125]

AdaBoost (LGBM) (recall): [0.9612387366551335, 0.9208847736625514, 0.9394495412844037, 0.8915910964550701, 0.8959532029152283, 0.9045735237360093, 0.8761410788381743, 0.8923481506616898, 0.875, 0.9297528895974492, 0.8998809287557055]

Optimized LightGBM (recall): [0.9589268599552241, 0.9167695473251029, 0.9368421052631579, 0.8989076669414674, 0.8978711162255466, 0.9031262060980316, 0.8744813278008299, 0.8780963691890058, 0.8646541074737493, 0.9261658031088082, 0.8955149831315737]

