Size: 10000

['Training data', '3', '4', '5', '6', '7', '8', '9', '10', '11', '12']

XGBoost (accuracy): [0.9440999999999999, 0.9131, 0.9271, 0.9199, 0.9053, 0.9233, 0.9057, 0.8992, 0.8617, 0.9135, 0.8959]

Boosted XGBoost (accuracy): [0.4485, 0.5147, 0.4787, 0.5056, 0.4771, 0.4826, 0.513, 0.4082, 0.3539, 0.4925, 0.495]

CatBoost (accuracy): [0.94295, 0.9137, 0.9247, 0.9247, 0.9128, 0.9302, 0.9187, 0.9037, 0.8742, 0.9223, 0.9096]

Boosted CatBoost (accuracy): [0.9482000000000002, 0.9216, 0.935, 0.9294, 0.9209, 0.9364, 0.9238, 0.9151, 0.8756, 0.9339, 0.9198]

Optimized LightGBM (accuracy): [0.9522999999999999, 0.9216, 0.9354, 0.9336, 0.9232, 0.9323, 0.92, 0.9102, 0.881, 0.9351, 0.9187]

XGBoost (auc): [0.9870887242758425, 0.9124745665163141, 0.927219260425049, 0.9194407746507722, 0.9072442919164957, 0.9245275198075877, 0.9043743570653763, 0.906665884017718, 0.8727822627288936, 0.913647070590883, 0.8961406140614061]

Boosted XGBoost (auc): [0.5, 0.5, 0.5, 0.5, 0.5, 0.5, 0.5, 0.5, 0.5, 0.5, 0.5]

CatBoost (auc): [0.9863836440800451, 0.9133163741411525, 0.9246783292447803, 0.9243108255499569, 0.9142873256658095, 0.931000358674369, 0.9177942288987354, 0.9094038168873013, 0.8822640015544831, 0.9223020179540397, 0.9096669666966696]

Boosted CatBoost (auc): [0.9889178292505187, 0.9210672536914006, 0.9351634973083754, 0.9289946130842653, 0.9225833477335398, 0.9372705921779512, 0.9227597856150758, 0.9209734988332293, 0.8866699884135382, 0.9339526393438523, 0.9199199919991998]

Optimized LightGBM (auc): [0.9904427066751162, 0.9208730458258899, 0.9357946827584829, 0.9331548149399861, 0.9249203098387302, 0.9334617795535104, 0.9187542778918549, 0.9175556051932345, 0.8921268170240387, 0.935290940461604, 0.9189328932893288]

XGBoost (precision): [0.9521827906945426, 0.9269181311615945, 0.9350019402405898, 0.9559762271626678, 0.9496010079798404, 0.959541188738269, 0.9477765108323831, 0.9597378277153558, 0.9446584938704028, 0.9240531829170024, 0.9176911856636799]

Boosted XGBoost (precision): [0.0, 0.0, 0.0, 0.0, 0.0, 0.0, 0.0, 0.0, 0.0, 0.0, 0.0]

CatBoost (precision): [0.9515879608663665, 0.9201769165964616, 0.9300038565368299, 0.9550488599348534, 0.9477903391572456, 0.9548780487804878, 0.9465111160026414, 0.955339092078662, 0.9453860640301318, 0.9245357566179375, 0.916767189384801]

Boosted CatBoost (precision): [0.9566630711824107, 0.9333333333333333, 0.9432679230619778, 0.9616557734204793, 0.9598010774968918, 0.9628722970216238, 0.9574610244988864, 0.964790023840088, 0.9535732916014606, 0.9387673956262426, 0.9315318976026006]

Optimized LightGBM (precision): [0.9628274802094493, 0.9395117736012097, 0.9483604947967799, 0.9699165568730787, 0.9628553641834405, 0.9667843055843887, 0.9612420670897552, 0.9677599701826314, 0.9571552471812662, 0.9481571486431754, 0.9405281763360366]

XGBoost (recall): [0.9462375339981868, 0.8912013187718937, 0.9244197199309419, 0.8784385113268608, 0.8647925033467202, 0.8892539621182838, 0.8533880903490759, 0.8660020277120649, 0.8348552855595109, 0.9038423645320197, 0.8720792079207921]

Boosted XGBoost (recall): [0.0, 0.0, 0.0, 0.0, 0.0, 0.0, 0.0, 0.0, 0.0, 0.0, 0.0]

CatBoost (recall): [0.9446962828649139, 0.9002678755409025, 0.9251870324189526, 0.8895631067961165, 0.8818129661503156, 0.908001546192501, 0.8829568788501027, 0.8783372761067928, 0.8546664603002632, 0.9221674876847291, 0.902970297029703]

Boosted CatBoost (recall): [0.9491387126019946, 0.9029466309499279, 0.9313255323230386, 0.892799352750809, 0.8858290304073436, 0.9122535755701585, 0.8827515400410678, 0.8889827644474485, 0.8487850177991023, 0.9304433497536946, 0.907920792079208]

Optimized LightGBM (recall): [0.9502266545784224, 0.8961467133731712, 0.9265298292729715, 0.893406148867314, 0.8873589596481163, 0.9000773096250483, 0.8708418891170431, 0.8774923960797567, 0.8540473610896147, 0.9225615763546798, 0.8956435643564357]

