Size: 10000

['2', '3', '4', '5', '6', '7', '8', '9', '10', '11', '12']

Nearest Neighbors (accuracy): [0.6166, 0.7612, 0.6675, 0.6827, 0.7635, 0.8061, 0.7694, 0.7297, 0.7679, 0.7458, 0.7496]

Decision Tree (accuracy): [0.7584, 0.8437, 0.8757, 0.8152, 0.8595, 0.9015, 0.8734, 0.8371, 0.8404, 0.8792, 0.8688]

Random Forest (accuracy): [0.8615, 0.8739, 0.9082, 0.8317, 0.8849, 0.9286, 0.8994, 0.8484, 0.847, 0.9067, 0.9081]

Neural Net (default) (accuracy): [0.631, 0.5337, 0.4915, 0.6318, 0.6429, 0.6263, 0.5839, 0.6479, 0.5305, 0.5932, 0.6026]

QDA (accuracy): [0.526, 0.6738, 0.8016, 0.5269, 0.6804, 0.6839, 0.6971, 0.7072, 0.6854, 0.7702, 0.6738]

Naive Bayes (accuracy): [0.4434, 0.5598, 0.4901, 0.5121, 0.5038, 0.5103, 0.5061, 0.427, 0.5393, 0.6361, 0.5659]

SGD (accuracy): [0.4287, 0.5452, 0.4793, 0.5069, 0.5517, 0.4501, 0.5477, 0.606, 0.6722, 0.553, 0.5829]

LightGBM (accuracy): [0.8914, 0.9057, 0.9306, 0.9125, 0.9154, 0.9463, 0.9245, 0.9104, 0.8738, 0.9448, 0.9426]

Nearest Neighbors (auc): [0.6307593357025181, 0.7615289551676887, 0.6706809850243829, 0.6824708891483346, 0.7599783008830643, 0.8045304385422922, 0.7708414888464601, 0.7155797509375991, 0.736090967123435, 0.7438013553049436, 0.7492589258925892]

Decision Tree (auc): [0.7703629822839669, 0.8440444182333442, 0.8746247339822416, 0.8141642087583466, 0.8576763161478043, 0.9012864939956886, 0.8736577926678435, 0.8348449537807493, 0.8214643118045725, 0.8789267585206673, 0.869066906690669]

Random Forest (auc): [0.8695649622619428, 0.8735407937204601, 0.9083915927268169, 0.8301655759698496, 0.8832398592583748, 0.9282416577772346, 0.8993371519146943, 0.8408041230264638, 0.8182964415802745, 0.906335425470731, 0.9084018401840184]

Neural Net (default) (auc): [0.5726467654489018, 0.5467234258603767, 0.5117990123756989, 0.6353763416082913, 0.6550599800164817, 0.6131399369892916, 0.5736772057911148, 0.5714624247740542, 0.6343608650755559, 0.587101097746993, 0.5987558755875588]

QDA (auc): [0.5885451212832531, 0.664184054129027, 0.8077518757941161, 0.5215793469132769, 0.6728437439510615, 0.6936174785111762, 0.6897688837654254, 0.7284465844000455, 0.6796065977772954, 0.7674806831537095, 0.6769896989698969]

Naive Bayes (auc): [0.5173948126441655, 0.5468192086511897, 0.5102172218054436, 0.516639207222154, 0.525071731466794, 0.5265384991840518, 0.5143855246146395, 0.515377603011696, 0.6408989945558227, 0.6412467805256182, 0.5628352835283528]

SGD (auc): [0.5045463677561076, 0.5323125096408331, 0.49989264517676096, 0.5014155375650321, 0.5305587011538885, 0.46448855421870106, 0.5589224315637371, 0.5168830446089346, 0.5368461936230458, 0.546264909604661, 0.5788588858885889]

LightGBM (auc): [0.8935755272437373, 0.9052859129317016, 0.9301836200262787, 0.9119905600958584, 0.9142399863649986, 0.9461965618843045, 0.9242798131536919, 0.9064465270901735, 0.861853014396256, 0.9448595934085169, 0.9428382838283829]

Nearest Neighbors (precision): [0.727062094531974, 0.7447864945382324, 0.7182154415164124, 0.6854450261780105, 0.7432065217391305, 0.7910743206766241, 0.7337709700948213, 0.7629954515919428, 0.8064944649446495, 0.6988538232061549, 0.7372344390607529]

Decision Tree (precision): [0.8612061591103507, 0.8279505582137161, 0.8667775314116778, 0.8831683168316832, 0.8437612369651205, 0.9027110171120938, 0.8602558976409436, 0.8749565217391304, 0.8701062215477997, 0.8690589807215118, 0.8918238993710692]

Random Forest (precision): [0.9340421342784012, 0.8766778523489933, 0.9186976018717099, 0.9537990537155581, 0.8681834597327555, 0.9246001523229246, 0.896551724137931, 0.8660049627791563, 0.8576388888888888, 0.8904600301659125, 0.9358514454526271]

Neural Net (default) (precision): [0.6196814562002275, 0.510089209855565, 0.7666666666666667, 0.5771582293959403, 0.8431291390728477, 0.5814533499603219, 0.8379408960915157, 0.631578947368421, 0.9749065670048052, 0.5554576495208723, 0.5607634967246442]

QDA (precision): [0.9384359400998337, 0.9732302201070792, 0.9378898833740168, 0.9311740890688259, 0.6510625650170903, 0.9424175824175824, 0.9319568277803848, 0.8502673796791443, 0.790604261264408, 0.7026119947468262, 0.9890590809628009]

Naive Bayes (precision): [0.8097826086956522, 0.8949211908931699, 0.7021276595744681, 0.5035907634515523, 0.8637602179836512, 0.9037900874635568, 0.4957839423194427, 0.8168168168168168, 0.9740985271711529, 0.9515723270440252, 0.5439226861603271]

SGD (precision): [0.6753246753246753, 0.7512355848434926, 0.5180722891566265, 0.5631067961165048, 0.5387331256490135, 0.3094958968347011, 0.5186539081819159, 0.6024367769018122, 0.6647422680412371, 0.531852163841213, 0.5485689026411759]

LightGBM (precision): [0.9289358600583091, 0.9124472573839663, 0.9278545729975384, 0.9522116025783507, 0.9026272276318207, 0.9471552555448409, 0.9281997918834547, 0.9221757322175732, 0.9026576019777504, 0.9498706982295604, 0.9656679151061174]

Nearest Neighbors (recall): [0.5415947531929582, 0.7727179064496188, 0.5960099750623441, 0.6620145631067961, 0.83687129470262, 0.8496327792810204, 0.8262833675564681, 0.790607641811143, 0.8439913500154465, 0.8770443349753695, 0.7833663366336634]

Decision Tree (recall): [0.6950293406972731, 0.8557593241294045, 0.8998657203145981, 0.7216828478964401, 0.8974947408682349, 0.9074217240046386, 0.8835728952772074, 0.8468271334792122, 0.8856966326845845, 0.8971428571428571, 0.8423762376237623]

Random Forest (recall): [0.8187780462547463, 0.8613228930558418, 0.9038941108766545, 0.6931634304207119, 0.9194874737043411, 0.9385388480865868, 0.8969199178644763, 0.8811647870728834, 0.9156626506024096, 0.9306403940886699, 0.8782178217821782]

Neural Net (default) (recall): [0.9401104590956162, 0.9896970945806718, 0.03529637444849415, 0.9546925566343042, 0.3895582329317269, 0.9913026671820642, 0.18049281314168378, 0.9776131964315772, 0.28205128205128205, 0.9936945812807881, 0.9831683168316832]

QDA (recall): [0.19468415602347255, 0.33711106532042034, 0.6633416458852868, 0.046521035598705504, 0.8378275004781028, 0.41437959025898724, 0.4078028747433265, 0.6155529372159569, 0.6992585727525487, 0.948768472906404, 0.358019801980198]

Naive Bayes (recall): [0.051432516396272006, 0.10529569338553472, 0.03798196815653175, 0.9219255663430421, 0.06062344616561484, 0.05991495941244685, 0.8330595482546201, 0.0457835381248948, 0.2962619709607661, 0.298128078817734, 0.8693069306930693]

SGD (recall): [0.026924404556437694, 0.09396249742427365, 0.016497218492230962, 0.011731391585760517, 0.9921591126410404, 0.05102435253189022, 0.9905544147843942, 0.9904056556135331, 0.9959839357429718, 0.9952709359605911, 0.982970297029703]

LightGBM (recall): [0.8798757335174319, 0.8912013187718937, 0.9399577978131594, 0.866504854368932, 0.9395677949894817, 0.9491689215307306, 0.9158110882956879, 0.9274532906918027, 0.9023787457522398, 0.9408866995073891, 0.919009900990099]

