Size: 500

['Training data', '3', '4', '5', '6', '7', '8', '9', '10', '11', '12']

CB 2, 25, 0.03 (accuracy): [0.876, 0.852, 0.872, 0.882, 0.828, 0.808, 0.84, 0.822, 0.774, 0.79, 0.802]

CB 2, 100, 0.03 (accuracy): [0.881, 0.864, 0.872, 0.87, 0.83, 0.808, 0.838, 0.826, 0.812, 0.802, 0.822]

CB 4, 25, 0.03 (accuracy): [0.8760000000000001, 0.862, 0.87, 0.88, 0.838, 0.812, 0.856, 0.822, 0.788, 0.81, 0.824]

CB 4, 100, 0.03 (accuracy): [0.8700000000000001, 0.866, 0.874, 0.87, 0.834, 0.826, 0.854, 0.83, 0.79, 0.81, 0.808]

CB 2, 25, 0.04 (accuracy): [0.884, 0.858, 0.866, 0.876, 0.84, 0.816, 0.848, 0.826, 0.78, 0.794, 0.802]

CB 2, 100, 0.04 (accuracy): [0.882, 0.858, 0.87, 0.88, 0.836, 0.808, 0.846, 0.834, 0.786, 0.798, 0.822]

CB 4, 25, 0.04 (accuracy): [0.8779999999999999, 0.856, 0.864, 0.88, 0.834, 0.812, 0.848, 0.822, 0.792, 0.798, 0.816]

CB 4, 100, 0.04 (accuracy): [0.8699999999999999, 0.878, 0.87, 0.872, 0.834, 0.826, 0.86, 0.824, 0.768, 0.8, 0.808]

CB default (accuracy): [0.8860000000000001, 0.874, 0.868, 0.864, 0.826, 0.83, 0.86, 0.832, 0.798, 0.816, 0.804]

CB 2, 25, 0.03 (auc): [0.9509354256854257, 0.8519521299604287, 0.8701036543360195, 0.8829405737704918, 0.833689182194617, 0.8113419969119917, 0.8398617511520738, 0.822418504782354, 0.7837438084755091, 0.7886227736898637, 0.8018034596981966]

CB 2, 100, 0.03 (auc): [0.9563248556998556, 0.863967702141976, 0.8709687755330909, 0.8709336577868853, 0.8350802277432712, 0.811920998455996, 0.8378136200716846, 0.8316904157720085, 0.8183475509080902, 0.8013514163420382, 0.8215663055479989]

CB 4, 25, 0.03 (auc): [0.9521443001443002, 0.8614604527467599, 0.8688940867364103, 0.8809874487704917, 0.8444293478260869, 0.8173893463715902, 0.8558307731694829, 0.8271032598087058, 0.7948197578425977, 0.8093669343849692, 0.8238786385239475]

CB 4, 100, 0.03 (auc): [0.9484224386724385, 0.8658982040724781, 0.8726109037312357, 0.8710297131147541, 0.8416472567287784, 0.8318965517241379, 0.8537186379928315, 0.8347159867265274, 0.8020776004402862, 0.8091905929880248, 0.8077803203661327]

CB 2, 25, 0.04 (auc): [0.9534099927849929, 0.8577436357519346, 0.8644563354106922, 0.8768890881147541, 0.8470820393374741, 0.8196731857951621, 0.8478302611367129, 0.8290877740907021, 0.7896257567418823, 0.7926305327113291, 0.8018994735241874]

CB 2, 100, 0.04 (auc): [0.9564875541125542, 0.8581761963504703, 0.8687498998702318, 0.880891393442623, 0.8413561076604555, 0.8127895007720021, 0.8458461341525858, 0.8387826143535689, 0.7989130434782609, 0.7971673159236282, 0.8218543470259717]

CB 4, 25, 0.04 (auc): [0.9559136002886003, 0.8559573206876112, 0.8631025809449047, 0.8810835040983607, 0.8408061594202898, 0.8162313432835822, 0.8477982590885818, 0.8271032598087058, 0.797984314804623, 0.7975199987175172, 0.8159254932710311]

CB 4, 100, 0.04 (auc): [0.9495928932178932, 0.8777695893878467, 0.868028965539339, 0.8734631147540984, 0.8416472567287784, 0.8318965517241379, 0.8597670250896057, 0.8252326111002668, 0.7789969730324711, 0.7989066833389441, 0.8077803203661327]

CB default (auc): [0.9570492424242424, 0.8733318380621286, 0.8672519585382655, 0.8654585040983607, 0.8348214285714286, 0.8350488934637159, 0.8597670250896057, 0.8370095647081788, 0.8106769400110072, 0.8151140608217509, 0.8038757581091677]

CB 2, 25, 0.03 (precision): [0.8873319275134026, 0.8436213991769548, 0.8445229681978799, 0.9191489361702128, 0.8958333333333334, 0.8613445378151261, 0.85, 0.8587360594795539, 0.8773234200743495, 0.7867647058823529, 0.7961538461538461]

CB 2, 100, 0.03 (precision): [0.8965409307856105, 0.8559670781893004, 0.8597785977859779, 0.9063829787234042, 0.8930041152263375, 0.8675213675213675, 0.8523206751054853, 0.891566265060241, 0.8964285714285715, 0.8068181818181818, 0.8037037037037037]

CB 4, 25, 0.03 (precision): [0.883103400006668, 0.864406779661017, 0.8566176470588235, 0.9188034188034188, 0.9113924050632911, 0.8883928571428571, 0.8697478991596639, 0.8844621513944223, 0.8804347826086957, 0.8143939393939394, 0.8210116731517509]

CB 4, 100, 0.03 (precision): [0.8788238676451352, 0.859504132231405, 0.855072463768116, 0.9098712446351931, 0.9177489177489178, 0.9095022624434389, 0.8787878787878788, 0.8893280632411067, 0.8951310861423221, 0.8120300751879699, 0.8007662835249042]

CB 2, 25, 0.04 (precision): [0.8929119248508932, 0.8541666666666666, 0.8453237410071942, 0.9110169491525424, 0.9188034188034188, 0.8728813559322034, 0.8613445378151261, 0.8764478764478765, 0.8814814814814815, 0.7904411764705882, 0.80078125]

CB 2, 100, 0.04 (precision): [0.8951152820897335, 0.8455284552845529, 0.8540145985401459, 0.9152542372881356, 0.9008264462809917, 0.8771929824561403, 0.8577405857740585, 0.8932806324110671, 0.8943396226415095, 0.8007518796992481, 0.8178294573643411]

CB 4, 25, 0.04 (precision): [0.8895291363546578, 0.8477366255144033, 0.8550185873605948, 0.9224137931034483, 0.9106382978723404, 0.875, 0.864406779661017, 0.8844621513944223, 0.8812949640287769, 0.8053435114503816, 0.8156862745098039]

CB 4, 100, 0.04 (precision): [0.8764786153503094, 0.875, 0.8415492957746479, 0.9285714285714286, 0.9177489177489178, 0.9095022624434389, 0.8803418803418803, 0.8646616541353384, 0.8759398496240601, 0.7992565055762082, 0.8007662835249042]

CB default (precision): [0.8923321729977266, 0.8803418803418803, 0.8614232209737828, 0.9196428571428571, 0.92, 0.9030837004405287, 0.8803418803418803, 0.8928571428571429, 0.9026217228464419, 0.8164794007490637, 0.8015564202334631]

CB 2, 25, 0.03 (recall): [0.8921753246753246, 0.8506224066390041, 0.9227799227799228, 0.84375, 0.7789855072463768, 0.7649253731343284, 0.8225806451612904, 0.8191489361702128, 0.7468354430379747, 0.8199233716475096, 0.8181818181818182]

CB 2, 100, 0.03 (recall): [0.890422077922078, 0.8630705394190872, 0.8996138996138996, 0.83203125, 0.7862318840579711, 0.7574626865671642, 0.8145161290322581, 0.7872340425531915, 0.7943037974683544, 0.8160919540229885, 0.857707509881423]

CB 4, 25, 0.03 (recall): [0.8975974025974025, 0.8464730290456431, 0.8996138996138996, 0.83984375, 0.782608695652174, 0.7425373134328358, 0.8346774193548387, 0.7872340425531915, 0.7689873417721519, 0.8237547892720306, 0.83399209486166]

CB 4, 100, 0.03 (recall): [0.8905194805194805, 0.8630705394190872, 0.9111969111969112, 0.828125, 0.7681159420289855, 0.75, 0.8185483870967742, 0.7978723404255319, 0.7563291139240507, 0.8275862068965517, 0.8260869565217391]

CB 2, 25, 0.04 (recall): [0.901233766233766, 0.8506224066390041, 0.9073359073359073, 0.83984375, 0.7789855072463768, 0.7686567164179104, 0.8266129032258065, 0.8049645390070922, 0.7531645569620253, 0.8237547892720306, 0.8102766798418972]

CB 2, 100, 0.04 (recall): [0.8940259740259741, 0.8630705394190872, 0.9034749034749034, 0.84375, 0.7898550724637681, 0.746268656716418, 0.8266129032258065, 0.8014184397163121, 0.75, 0.8160919540229885, 0.83399209486166]

CB 4, 25, 0.04 (recall): [0.8939935064935065, 0.8547717842323651, 0.888030888030888, 0.8359375, 0.7753623188405797, 0.7574626865671642, 0.8225806451612904, 0.7872340425531915, 0.7753164556962026, 0.8084291187739464, 0.8221343873517787]

CB 4, 100, 0.04 (recall): [0.8939935064935065, 0.8713692946058091, 0.9227799227799228, 0.8125, 0.7681159420289855, 0.75, 0.8306451612903226, 0.8156028368794326, 0.7373417721518988, 0.8237547892720306, 0.8260869565217391]

CB default (recall): [0.906590909090909, 0.8547717842323651, 0.888030888030888, 0.8046875, 0.75, 0.7649253731343284, 0.8306451612903226, 0.7978723404255319, 0.7626582278481012, 0.8352490421455939, 0.8142292490118577]

