Size: 500

['Training data', '3', '4', '5', '6', '7', '8', '9', '10', '11', '12']

CB 2, 25, 0.03 (accuracy): [0.876, 0.852, 0.872, 0.882, 0.828, 0.808, 0.84, 0.822, 0.774, 0.79, 0.802]

CB 2, 100, 0.03 (accuracy): [0.881, 0.864, 0.872, 0.87, 0.83, 0.808, 0.838, 0.826, 0.812, 0.802, 0.822]

CB 4, 25, 0.03 (accuracy): [0.8760000000000001, 0.862, 0.87, 0.88, 0.838, 0.812, 0.856, 0.822, 0.788, 0.81, 0.824]

CB 4, 100, 0.03 (accuracy): [0.8700000000000001, 0.866, 0.874, 0.87, 0.834, 0.826, 0.854, 0.83, 0.79, 0.81, 0.808]

CB 2, 25, 0.04 (accuracy): [0.8719999999999999, 0.854, 0.88, 0.886, 0.84, 0.818, 0.85, 0.822, 0.772, 0.792, 0.808]

CB 2, 100, 0.04 (accuracy): [0.882, 0.87, 0.874, 0.87, 0.834, 0.814, 0.846, 0.838, 0.8, 0.792, 0.816]

CB 4, 25, 0.04 (accuracy): [0.877, 0.862, 0.868, 0.884, 0.824, 0.812, 0.85, 0.826, 0.792, 0.812, 0.83]

CB 4, 100, 0.04 (accuracy): [0.869, 0.858, 0.878, 0.866, 0.842, 0.818, 0.866, 0.826, 0.772, 0.814, 0.808]

CB default (accuracy): [0.8860000000000001, 0.874, 0.868, 0.864, 0.826, 0.83, 0.86, 0.832, 0.798, 0.816, 0.804]

CB 2, 25, 0.03 (auc): [0.9509354256854257, 0.8519521299604287, 0.8701036543360195, 0.8829405737704918, 0.833689182194617, 0.8113419969119917, 0.8398617511520738, 0.822418504782354, 0.7837438084755091, 0.7886227736898637, 0.8018034596981966]

CB 2, 100, 0.03 (auc): [0.9563248556998556, 0.863967702141976, 0.8709687755330909, 0.8709336577868853, 0.8350802277432712, 0.811920998455996, 0.8378136200716846, 0.8316904157720085, 0.8183475509080902, 0.8013514163420382, 0.8215663055479989]

CB 4, 25, 0.03 (auc): [0.9521443001443002, 0.8614604527467599, 0.8688940867364103, 0.8809874487704917, 0.8444293478260869, 0.8173893463715902, 0.8558307731694829, 0.8271032598087058, 0.7948197578425977, 0.8093669343849692, 0.8238786385239475]

CB 4, 100, 0.03 (auc): [0.9484224386724385, 0.8658982040724781, 0.8726109037312357, 0.8710297131147541, 0.8416472567287784, 0.8318965517241379, 0.8537186379928315, 0.8347159867265274, 0.8020776004402862, 0.8091905929880248, 0.8077803203661327]

CB 2, 25, 0.04 (auc): [0.9497628066378067, 0.8541710056232878, 0.8779698489242057, 0.886654713114754, 0.8449792960662527, 0.8229863612969636, 0.8498463901689708, 0.823980089791138, 0.7764859658778206, 0.7905384825021241, 0.8077803203661327]

CB 2, 100, 0.04 (auc): [0.9561630591630591, 0.8701917685320175, 0.8727550905974143, 0.8711257684426229, 0.8387034161490683, 0.8180970149253731, 0.845910138248848, 0.8423287136443489, 0.8077187671986791, 0.7908911652960131, 0.8158294794450401]

CB 4, 25, 0.04 (auc): [0.9551843434343434, 0.8613162658805813, 0.8668193979397298, 0.8848936987704918, 0.8304865424430642, 0.8168103448275862, 0.8497503840245776, 0.830649359099486, 0.797984314804623, 0.8114589845941743, 0.8299035061048791]

CB 4, 100, 0.04 (auc): [0.9503226911976912, 0.8578878226181131, 0.8766160944584181, 0.8676037397540984, 0.8488936335403726, 0.8244338651569737, 0.8657194060419867, 0.8296083024269634, 0.7832966428178316, 0.8137273762003239, 0.8079243411051191]

CB default (auc): [0.9570492424242424, 0.8733318380621286, 0.8672519585382655, 0.8654585040983607, 0.8348214285714286, 0.8350488934637159, 0.8597670250896057, 0.8370095647081788, 0.8106769400110072, 0.8151140608217509, 0.8038757581091677]

CB 2, 25, 0.03 (precision): [0.8873319275134026, 0.8436213991769548, 0.8445229681978799, 0.9191489361702128, 0.8958333333333334, 0.8613445378151261, 0.85, 0.8587360594795539, 0.8773234200743495, 0.7867647058823529, 0.7961538461538461]

CB 2, 100, 0.03 (precision): [0.8965409307856105, 0.8559670781893004, 0.8597785977859779, 0.9063829787234042, 0.8930041152263375, 0.8675213675213675, 0.8523206751054853, 0.891566265060241, 0.8964285714285715, 0.8068181818181818, 0.8037037037037037]

CB 4, 25, 0.03 (precision): [0.883103400006668, 0.864406779661017, 0.8566176470588235, 0.9188034188034188, 0.9113924050632911, 0.8883928571428571, 0.8697478991596639, 0.8844621513944223, 0.8804347826086957, 0.8143939393939394, 0.8210116731517509]

CB 4, 100, 0.03 (precision): [0.8788238676451352, 0.859504132231405, 0.855072463768116, 0.9098712446351931, 0.9177489177489178, 0.9095022624434389, 0.8787878787878788, 0.8893280632411067, 0.8951310861423221, 0.8120300751879699, 0.8007662835249042]

CB 2, 25, 0.04 (precision): [0.8836077762475357, 0.8414634146341463, 0.8491228070175438, 0.9128630705394191, 0.9016393442622951, 0.8898678414096917, 0.8619246861924686, 0.8669201520912547, 0.8633093525179856, 0.7875457875457875, 0.8007662835249042]

CB 2, 100, 0.04 (precision): [0.8951944119066126, 0.8577235772357723, 0.8576642335766423, 0.9134199134199135, 0.8938775510204081, 0.8755364806866953, 0.8518518518518519, 0.8941176470588236, 0.8913043478260869, 0.79182156133829, 0.8108108108108109]

CB 4, 25, 0.04 (precision): [0.8858867514558554, 0.8675213675213675, 0.8534798534798534, 0.9194915254237288, 0.8983050847457628, 0.881578947368421, 0.871244635193133, 0.8853754940711462, 0.8812949640287769, 0.8174904942965779, 0.828125]

CB 4, 100, 0.04 (precision): [0.8816536021754882, 0.8512396694214877, 0.8586956521739131, 0.9276018099547512, 0.9191489361702128, 0.9078341013824884, 0.8917748917748918, 0.8793774319066148, 0.8796992481203008, 0.823076923076923, 0.807843137254902]

CB default (precision): [0.8923321729977266, 0.8803418803418803, 0.8614232209737828, 0.9196428571428571, 0.92, 0.9030837004405287, 0.8803418803418803, 0.8928571428571429, 0.9026217228464419, 0.8164794007490637, 0.8015564202334631]

CB 2, 25, 0.03 (recall): [0.8921753246753246, 0.8506224066390041, 0.9227799227799228, 0.84375, 0.7789855072463768, 0.7649253731343284, 0.8225806451612904, 0.8191489361702128, 0.7468354430379747, 0.8199233716475096, 0.8181818181818182]

CB 2, 100, 0.03 (recall): [0.890422077922078, 0.8630705394190872, 0.8996138996138996, 0.83203125, 0.7862318840579711, 0.7574626865671642, 0.8145161290322581, 0.7872340425531915, 0.7943037974683544, 0.8160919540229885, 0.857707509881423]

CB 4, 25, 0.03 (recall): [0.8975974025974025, 0.8464730290456431, 0.8996138996138996, 0.83984375, 0.782608695652174, 0.7425373134328358, 0.8346774193548387, 0.7872340425531915, 0.7689873417721519, 0.8237547892720306, 0.83399209486166]

CB 4, 100, 0.03 (recall): [0.8905194805194805, 0.8630705394190872, 0.9111969111969112, 0.828125, 0.7681159420289855, 0.75, 0.8185483870967742, 0.7978723404255319, 0.7563291139240507, 0.8275862068965517, 0.8260869565217391]

CB 2, 25, 0.04 (recall): [0.8885714285714286, 0.8589211618257261, 0.9343629343629344, 0.859375, 0.7971014492753623, 0.753731343283582, 0.8306451612903226, 0.8085106382978723, 0.759493670886076, 0.8237547892720306, 0.8260869565217391]

CB 2, 100, 0.04 (recall): [0.8940259740259741, 0.8755186721991701, 0.9073359073359073, 0.82421875, 0.7934782608695652, 0.7611940298507462, 0.8346774193548387, 0.8085106382978723, 0.7784810126582279, 0.8160919540229885, 0.8300395256916996]

CB 4, 25, 0.04 (recall): [0.8958441558441559, 0.8423236514522822, 0.8996138996138996, 0.84765625, 0.7681159420289855, 0.75, 0.8185483870967742, 0.7943262411347518, 0.7753164556962026, 0.8237547892720306, 0.8379446640316206]

CB 4, 100, 0.04 (recall): [0.8850974025974025, 0.8547717842323651, 0.915057915057915, 0.80078125, 0.782608695652174, 0.7350746268656716, 0.8306451612903226, 0.8014184397163121, 0.740506329113924, 0.8199233716475096, 0.8142292490118577]

CB default (recall): [0.906590909090909, 0.8547717842323651, 0.888030888030888, 0.8046875, 0.75, 0.7649253731343284, 0.8306451612903226, 0.7978723404255319, 0.7626582278481012, 0.8352490421455939, 0.8142292490118577]

