Size: 30000

['Training data', '3', '4', '5', '6', '7', '8', '9', '10', '11', '12']

XGBoost (accuracy): [0.9558500000000001, 0.9283, 0.9409, 0.9334666666666667, 0.9204333333333333, 0.9340333333333334, 0.9183, 0.9021666666666667, 0.8984, 0.9317, 0.9171333333333334]

CatBoost (accuracy): [0.9561666666666666, 0.9308, 0.9433333333333334, 0.9367666666666666, 0.9247, 0.9405333333333333, 0.9258, 0.9169666666666667, 0.8955333333333333, 0.9345666666666667, 0.9226333333333333]

LightGBM (accuracy): [0.9492666666666668, 0.9186666666666666, 0.9308666666666666, 0.9294333333333333, 0.9161, 0.9372666666666667, 0.9187333333333333, 0.9043666666666667, 0.8675, 0.9236, 0.9085]

AdaBoost (LGBM) (accuracy): [0.9684999999999999, 0.9455, 0.9505666666666667, 0.9441, 0.9356333333333333, 0.9439666666666666, 0.9364666666666667, 0.9353333333333333, 0.9177, 0.9468666666666666, 0.9333]

Optimized LightGBM (accuracy): [0.9675666666666667, 0.9423666666666667, 0.9493, 0.9446666666666667, 0.9334, 0.9403666666666667, 0.9331333333333334, 0.9256666666666666, 0.9225333333333333, 0.9497666666666666, 0.9347]

AdaBoost (Opt. LGBM) (accuracy): [0.96445, 0.9423, 0.9477, 0.9438666666666666, 0.9357666666666666, 0.9476333333333333, 0.9375, 0.9287, 0.9144666666666666, 0.9467, 0.9346]

XGBoost (auc): [0.9917946870515107, 0.9277604240529463, 0.9412070614704511, 0.9321650171409832, 0.921845002346486, 0.9352582955859041, 0.916450877020476, 0.9094829920784159, 0.9059365123496722, 0.931710137049123, 0.917137576329783]

CatBoost (auc): [0.9916864527411089, 0.9303712846094863, 0.9435678817735524, 0.9355280722112562, 0.9259840230114398, 0.9415254940384142, 0.9241612762605295, 0.9224394536805016, 0.9045409469875596, 0.9345746167664041, 0.9226360744985651]

LightGBM (auc): [0.9899276065683391, 0.9180680508753525, 0.9310578579120624, 0.9280999515598372, 0.9174928504844863, 0.9382071746595015, 0.9170254788763195, 0.9110130063530228, 0.8799624942053014, 0.923613752723986, 0.9085048734936799]

AdaBoost (LGBM) (auc): [0.9950733668391039, 0.9449859611738108, 0.9508734622431491, 0.9427322818941269, 0.9370591809734755, 0.9452741279024829, 0.9346110927809922, 0.9407346803463413, 0.9262256470536995, 0.9468875382043371, 0.9333053908128279]

Optimized LightGBM (auc): [0.9952521351081784, 0.9416748509899429, 0.9497042258675639, 0.9432362952033841, 0.9349273816399825, 0.9418347634485057, 0.9310866110433117, 0.9323844180211867, 0.9300552628359756, 0.9497889913660363, 0.9347062086902194]

AdaBoost (Opt. LGBM) (auc): [0.9944975233490088, 0.9417385854755105, 0.9480012956908158, 0.9425620654968379, 0.9370791428291065, 0.9487153841030551, 0.9358603814207384, 0.9343556314512306, 0.9221592762535938, 0.946715844355159, 0.9346042797940822]

XGBoost (precision): [0.9617599295242938, 0.9394262178667803, 0.9525441602952808, 0.9619867844680378, 0.9589775734782003, 0.9671061667353386, 0.9544623819677125, 0.9619442351168048, 0.9595282016881883, 0.9370243146763656, 0.9308825554178713]

CatBoost (precision): [0.9626293773888527, 0.9388790976383504, 0.9529496686134261, 0.9640426161586269, 0.9600387168141593, 0.967794426740796, 0.9579724335316713, 0.9647369066601251, 0.9612499294940493, 0.9387974470943903, 0.9315413405920381]

LightGBM (precision): [0.9575363391499299, 0.9306020662629142, 0.9399279397314118, 0.9582093991671624, 0.9541341870824054, 0.9633412242137301, 0.9514166981488478, 0.9604885952885455, 0.9519869479081692, 0.93066829004329, 0.924040124524386]

AdaBoost (LGBM) (precision): [0.9747439657594166, 0.9574875798438609, 0.9617968647082071, 0.9761265293942106, 0.9746588693957114, 0.9790489317711922, 0.9761922930179321, 0.9784343588181541, 0.9735143556643668, 0.9580548356295184, 0.9515871362089324]

Optimized LightGBM (precision): [0.9755764377383791, 0.959566216604424, 0.9632304226845104, 0.9785815921515765, 0.9750717736853162, 0.9795577805590321, 0.9773305574832293, 0.977395181767511, 0.9739879604572818, 0.9618091138894582, 0.9559594547361062]

AdaBoost (Opt. LGBM) (precision): [0.9703222082890243, 0.9554384965831435, 0.958904109589041, 0.9740616871051654, 0.971841704718417, 0.976988017429194, 0.9717237219122304, 0.9745990941363692, 0.9695876574726677, 0.9551834022645603, 0.9490428315659]

XGBoost (recall): [0.9580374559991283, 0.910649136091416, 0.9320864237342793, 0.8972370334464372, 0.8844992612577889, 0.9037412564974652, 0.8712031695280461, 0.8680228934096447, 0.8807532454204936, 0.9258618394782377, 0.9012263396427619]

CatBoost (recall): [0.9577047916752747, 0.9167756591175054, 0.9366010964205095, 0.9022920850356624, 0.8920151602749405, 0.9159982031701213, 0.8840620004170432, 0.8914263047543491, 0.8744419929190825, 0.9299880207640091, 0.912356704878699]

LightGBM (recall): [0.9501468706773839, 0.8990844634129552, 0.925378910029023, 0.8923204764213004, 0.880644954069506, 0.9140088558044023, 0.8752345867797316, 0.8733495778319261, 0.8383190517727949, 0.9156794888859311, 0.8902292721940815]

AdaBoost (LGBM) (recall): [0.9679536811183196, 0.9286845184828251, 0.9417607223476298, 0.906031438266048, 0.8993383439326781, 0.9116344734646731, 0.8892055327726419, 0.9101263670878903, 0.8977371850787624, 0.9348462664714495, 0.913089842708611]

Optimized LightGBM (recall): [0.9653538498271776, 0.9197356646244923, 0.9376975169300226, 0.904854234471297, 0.8945204599473244, 0.904062118975807, 0.8810036838812817, 0.8943163143877146, 0.9049207245112627, 0.9369093571143352, 0.9114236203679019]

AdaBoost (Opt. LGBM) (recall): [0.9650513695436999, 0.9239347422041715, 0.9390519187358917, 0.90755487847102, 0.9023575512301664, 0.9208753128409164, 0.8957392090081323, 0.9023063410211367, 0.8964544101801016, 0.9375748702249435, 0.9185550519861371]

